1125480 
2827794 
3231460 
3578575 
4161609 
5076204 
5408549 
5434891 
5709143 
6004773 
6980116 
9073436 
13866258 
14579345 
16177476 
16300573 
16650583 
17456604 
18910756 
20023048 
23863200 
28452540 
29476224 
32892652 
32963396 
34716356 
35420904 
35666440 
36327400 
38264836 
39280344 
40864304 
43394712 
43915304 
44729472 
47182604 
48499680 
49162460 
50167884 
51508284 
51938816 
52529260 
53422296 
53439396 
54057576 
56022180 
58052284 
58723244 
58860492 
62673948 
63095836 
63560596 
64171320 
68234816 
69755280 
69906400 
70090208 
70556968 
72328800 
72545008 
73235664 
74160968 
74260432 
74529800 
76753376 
76994680 
78232136 
78257880 
81265032 
84184648 
84410992 
86055848 
87643632 
91148576 
92858400 
93480472 
93740240 
93919512 
95042752 
96404120 
96681384 
97490568 
98837424 
99559296 
99640064 
100685680 
100856976 
101454152 
101480320 
102233272 
103171184 
104174184 
105576296 
107848280 
108808800 
109524584 
109732688 
109777688 
111275632 
112647944 
112964288 
113280560 
114459032 
114667808 
119111288 
119989320 
121143160 
121258784 
122086248 
122325816 
125468480 
125474904 
126075344 
126079920 
126221880 
126669240 
129790440 
129975992 
131702136 
133388016 
134902416 
136074624 
136170512 
136956096 
137231568 
138238464 
139000800 
139058208 
141602560 
142118576 
143941632 
143982000 
147660016 
148341936 
151229984 
152389792 
152875792 
154710496 
154723760 
155336384 
156679088 
157139184 
157272112 
157275088 
157807120 
160161904 
160824416 
162756736 
163131504 
163968000 
164101936 
165974176 
166094064 
166954608 
167165360 
168837152 
169607088 
169649504 
169820256 
172722128 
173064656 
173300624 
175413104 
176210656 
176238784 
177132976 
178207520 
178986640 
180372272 
180421232 
181161216 
182555792 
183765344 
184025280 
184066224 
184577440 
184622464 
186264784 
187533104 
187616400 
188201040 
189063616 
189750992 
190709216 
190983552 
191027664 
191111632 
192213856 
192485792 
193492672 
195897872 
197551376 
198020592 
199002720 
199723840 
200352352 
200946864 
202212784 
202976976 
203548224 
204328608 
204655088 
205714192 
207256672 
207843584 
210691552 
210863152 
210882912 
211565472 
214523984 
215824960 
218256912 
219136064 
219787840 
221009360 
221725760 
221917536 
221965536 
222602368 
223656416 
224415488 
225235568 
225490912 
226106624 
227551872 
228968176 
229136976 
230995952 
231427952 
232261536 
232848128 
233118896 
233656208 
233891712 
238279952 
239320784 
240062368 
242625840 
242886768 
244068720 
244148608 
244326992 
244412736 
244858304 
246071200 
247032544 
248044112 
250210320 
256227888 
256969072 
257265472 
257468912 
257585376 
258111680 
258906128 
260444848 
260496944 
261570336 
262784576 
264171872 
265461328 
266665760 
269022336 
270320512 
272189280 
272987136 
273911168 
274896544 
276234688 
277213632 
277774720 
280042016 
281059424 
282283744 
283314720 
284289280 
284293408 
287736384 
288269504 
288379392 
288751616 
288777760 
290828672 
291053280 
292431744 
292516800 
292885568 
292889120 
293171456 
293177376 
293678080 
294160352 
294601280 
296031616 
297288448 
297933216 
301168864 
301763072 
304285472 
304295168 
304955680 
305238816 
305408000 
307168320 
307457856 
308156544 
308246848 
311950464 
312343488 
312939712 
312989536 
313229568 
315658048 
316867136 
321477536 
323851648 
323983264 
324541408 
324806976 
325711456 
326013472 
327616128 
328374432 
328777056 
329642080 
330337152 
331385824 
331479072 
331845792 
332892064 
333569216 
334971712 
335222752 
336351136 
338242912 
341354464 
341482368 
341539680 
343841376 
343959456 
344250944 
344942944 
347115872 
347196320 
347545952 
348892928 
350360192 
352458368 
354048672 
356383040 
357193056 
359095360 
359785856 
359942240 
360105120 
360442624 
361600896 
361916832 
362154336 
363598272 
364784480 
366027936 
366796352 
368663552 
373555840 
374200864 
375206976 
377997152 
378710464 
380214656 
381887648 
382167168 
382895936 
383188352 
383831936 
384658400 
385748224 
387322560 
387996128 
391690240 
393746080 
394238752 
394327168 
394382912 
394388384 
394521312 
398436672 
398775488 
399299904 
400228608 
400709024 
400944384 
400985376 
401187648 
402378752 
405267360 
406615040 
406766560 
410787936 
412482592 
413077824 
413983744 
416501280 
426199392 
427327712 
431843520 
431953440 
432199136 
433758400 
434008576 
434398080 
434513312 
436496992 
436584928 
437637600 
438561792 
439559904 
440104512 
442560224 
443042624 
443338880 
446742528 
447033600 
447981536 
449105120 
450917568 
452122400 
452575840 
452649824 
456514176 
457701728 
457715616 
458038976 
460651648 
461420480 
461847776 
461949088 
462852224 
463662144 
465834752 
466168576 
467470880 
469050016 
470564224 
471483424 
471638784 
473893984 
475805632 
475947360 
476354656 
476584640 
477361408 
477397056 
477551232 
477960896 
479777120 
480155488 
481733344 
481935840 
482490656 
482950272 
483648352 
485865760 
487254176 
487426880 
487720704 
489809984 
492398816 
492421728 
493583008 
494406880 
495444064 
495977408 
496074400 
496430976 
497258528 
498143904 
498525472 
502401280 
503460992 
506914688 
507409568 
510349024 
510685984 
512535392 
512932416 
513400928 
514382176 
514935968 
515049088 
516138560 
517714752 
518150688 
518514880 
520210080 
521563360 
522628672 
523548352 
524287168 
525747136 
525995360 
526522592 
526744960 
526830208 
527074944 
528884832 
529899232 
530807968 
531032736 
531606432 
532440960 
532514144 
532845984 
532959808 
536114560 
536742496 
538175296 
538556544 
539413376 
539760320 
546106880 
547397056 
548042048 
551442944 
552316352 
552485056 
552568448 
553969984 
554448192 
555397760 
556443776 
557560640 
560784512 
560871808 
561007360 
563617408 
566164480 
567831104 
573318592 
573721152 
576199552 
576690496 
576721024 
576971136 
577678272 
578612544 
578634880 
578812544 
579021504 
579430016 
582250112 
582449600 
582682240 
583570304 
584488512 
584585216 
587011200 
588640128 
589118592 
589156672 
589636672 
590407104 
591110592 
592539904 
592691904 
593211456 
593892160 
594497280 
595045248 
596191360 
596196224 
596340544 
596899008 
597279808 
598481280 
599644416 
599706560 
600492160 
600762688 
601426752 
603108800 
604378752 
606542144 
606968896 
607600320 
608882816 
609105856 
609729088 
611241152 
611410944 
611980736 
612442048 
612639872 
614226688 
617582208 
618446784 
618925376 
618958336 
619596480 
621822848 
622095488 
622166656 
623194432 
624658176 
625665280 
625964096 
626125184 
627157888 
628870912 
628909952 
629359296 
629479680 
630243200 
633072192 
633584832 
635203904 
635711744 
637552256 
637640192 
637656384 
637770944 
638409408 
638654144 
639009152 
639458368 
639978816 
640766336 
641080640 
642692480 
644519872 
645133952 
645601536 
645889024 
646520192 
646711808 
647207360 
647522240 
648545152 
649659008 
649706944 
649786560 
650490688 
651132096 
653130368 
653304960 
653879936 
654028672 
655368064 
656563648 
657119936 
657200960 
657304064 
657643008 
658746688 
658831168 
659146048 
659877568 
661791552 
663226880 
664414400 
666556608 
666707072 
666880320 
667340544 
667723776 
667908288 
667960192 
668325568 
671840768 
673648192 
673936512 
673996096 
674605248 
674849600 
675475968 
675654080 
676553984 
677812352 
679903744 
681921728 
683574016 
684178432 
684218496 
684444992 
684676800 
684756544 
685721792 
685785792 
685986368 
686124928 
686669888 
687387392 
687527104 
687861376 
692076416 
692463488 
695983744 
697848192 
698713024 
699075392 
699787136 
700301120 
700339584 
700619904 
700910336 
703186304 
706066752 
707909120 
708262464 
711354880 
711905984 
712087296 
714431616 
717296960 
717596800 
718666304 
718867264 
719268544 
719461824 
720952320 
721005824 
724251968 
727550272 
729360064 
729397696 
730729344 
732148544 
732654400 
735311296 
736461888 
736746944 
737407744 
737938496 
738534336 
738959360 
740438464 
743727104 
743811200 
745071424 
746730304 
747277120 
747637760 
747802880 
747809280 
749443200 
749718912 
749770880 
752478720 
753382656 
755580864 
755945472 
757281792 
757293824 
759208448 
759323584 
759734848 
760248704 
760475200 
760862016 
761612416 
761777792 
763763840 
764871424 
766447616 
766701184 
767013696 
768205632 
768229632 
769913856 
770685824 
771357696 
773300928 
774273536 
774386240 
774432448 
775057536 
775421440 
775767296 
777410240 
777504960 
778257280 
778462720 
780223936 
780250496 
780868352 
782262272 
783099264 
783281984 
785932288 
786002112 
787642368 
789243712 
793470400 
793656832 
794910144 
795231296 
795490368 
797798016 
798440064 
799645696 
801896704 
803330176 
804176768 
805788992 
807724544 
807959232 
808616768 
809095296 
809370688 
809742720 
809785280 
812947008 
812996864 
813903680 
814138688 
814351424 
814766912 
814908672 
815548992 
818127616 
819677312 
819695168 
820146176 
821330816 
822425856 
826769408 
827391168 
828546368 
828957312 
829201088 
829808320 
829939072 
830011840 
831037504 
831461760 
832554624 
832609088 
833238528 
833243328 
836103744 
836827776 
837985856 
838133568 
839112192 
840187712 
843909632 
844281280 
845122880 
845273024 
847684416 
848000128 
848942144 
849271616 
850586496 
850919808 
852411136 
857555200 
858676288 
858865984 
861265024 
861917120 
864578944 
865085504 
865181184 
865433536 
865534848 
865679040 
867197312 
867469056 
868924032 
869439808 
870539840 
873021376 
873271360 
873413824 
873978944 
874309376 
877383936 
877613760 
878277696 
879009408 
880008704 
880075200 
880683200 
881062144 
881231680 
882204224 
883036608 
884317824 
885014208 
887196992 
888432832 
888723328 
888948736 
889343424 
889553216 
889812736 
889955648 
890232640 
891529472 
892323776 
893372416 
897560256 
899086144 
899431296 
900771776 
901548608 
902208064 
903366336 
904170048 
904187136 
904781504 
904932480 
906803904 
908484608 
909642944 
910226496 
910972032 
911647360 
912390528 
913026688 
915220544 
916195072 
916272960 
916522688 
918930432 
919026496 
919590912 
920128256 
920914368 
921550976 
922572032 
923069120 
923380736 
923512704 
923692288 
923727808 
923969792 
924539520 
925219648 
925376512 
926067520 
926575808 
927865792 
930809792 
931518080 
931835072 
931895296 
932484608 
933272512 
933420032 
934181184 
934494656 
935003968 
935851776 
936349184 
937713856 
939129152 
943051264 
943222080 
944318144 
945501632 
946435200 
946640512 
946924672 
947000960 
948910848 
949327040 
949820352 
950104064 
950252352 
952229760 
952662208 
956468224 
958636928 
958956928 
959716352 
961565184 
963504704 
965681536 
967276928 
967405120 
970634112 
971465728 
972775040 
979434112 
981108608 
983595712 
984363200 
984751616 
984844608 
986467136 
992228480 
994195968 
995164864 
995299904 
997798976 
997969856 
998924480 
999993536