1125480
2827794
3231460
3578575
4161609
5076204
5408549
5434891
5709143
6004773
6980116
9073436
13866258
14579345
16177476
16300573
16650583
17456604
18910756 
20023048 
23863200 
28452540 
29476224 
32892652 
32963396 
34716356 
35420904 
35666440 
36327400 
38264836 
39280344 
40864304 
43394712 
43915304 
44729472 
47182604 
48499680 
49162460 
50167884 
51508284 
51938816 
52529260 
53422296 
53439396 
54057576 
56022180 
58052284 
58723244 
58860492 
62673948 
63095836 
63560596 
64171320 
68234816 
69755280 
69906400 
70090208 
70556968 
72328800 
72545008 
73235664 
74160968 
74260432 
74529800 
76753376 
76994680 
78232136 
78257880 
81265032 
84184648 
84410992 
86055848 
87643632 
91148576 
92858400 
93480472 
93740240 
93919512 
95042752 
96404120 
96681384 
97490568 
98837424 
99559296 
99640064 
100685680 
100856976 
101454152 
101480320 
102233272 
103171184 
104174184 
105576296 
107848280 
108808800 
109524584 
109732688 
109777688 
111275632 
112647944