112964288 
113280560 
114459032 
114667808 
119111288 
119989320 
121143160 
121258784 
122086248 
122325816 
125468480 
125474904 
126075344 
126079920 
126221880 
126669240 
129790440 
129975992 
131702136 
133388016 
134902416 
136074624 
136170512 
136956096 
137231568 
138238464 
139000800 
139058208 
141602560 
142118576 
143941632 
143982000 
147660016 
148341936 
151229984 
152389792 
152875792 
154710496 
154723760 
155336384 
156679088 
157139184 
157272112 
157275088 
157807120 
160161904 
160824416 
162756736 
163131504 
163968000 
164101936 
165974176 
166094064 
166954608 
167165360 
168837152 
169607088 
169649504 
169820256 
172722128 
173064656 
173300624 
175413104 
176210656 
176238784 
177132976 
178207520 
178986640 
180372272 
180421232 
181161216 
182555792 
183765344 
184025280 
184066224 
184577440 
184622464 
186264784 
187533104 
187616400 
188201040 
189063616 
189750992 
190709216 
190983552 
191027664 
191111632 
192213856 
192485792 
193492672 
195897872 
197551376 
198020592 
199002720 
199723840 
200352352 
200946864 
202212784 
202976976 
203548224 