204328608 
204655088 
205714192 
207256672 
207843584 
210691552 
210863152 
210882912 
211565472 
214523984 
215824960 
218256912 
219136064 
219787840 
221009360 
221725760 
221917536 
221965536 
222602368 
223656416 
224415488 
225235568 
225490912 
226106624 
227551872 
228968176 
229136976 
230995952 
231427952 
232261536 
232848128 
233118896 
233656208 
233891712 
238279952 
239320784 
240062368 
242625840 
242886768 
244068720 
244148608 
244326992 
244412736 
244858304 
246071200 
247032544 
248044112 
250210320 
256227888 
256969072 
257265472 
257468912 
257585376 
258111680 
258906128 
260444848 
260496944 
261570336 
262784576 
264171872 
265461328 
266665760 
269022336 
270320512 
272189280 
272987136 
273911168 
274896544 
276234688 
277213632 
277774720 
280042016 
281059424 
282283744 
283314720 
284289280 
284293408 
287736384 
288269504 
288379392 
288751616 
288777760 
290828672 
291053280 
292431744 
292516800 
292885568 
292889120 
293171456 
293177376 
293678080 
294160352 
294601280 
296031616 
297288448 
297933216 
301168864 
301763072 
304285472 
304295168 