304955680 
305238816 
305408000 
307168320 
307457856 
308156544 
308246848 
311950464 
312343488 
312939712 
312989536 
313229568 
315658048 
316867136 
321477536 
323851648 
323983264 
324541408 
324806976 
325711456 
326013472 
327616128 
328374432 
328777056 
329642080 
330337152 
331385824 
331479072 
331845792 
332892064 
333569216 
334971712 
335222752 
336351136 
338242912 
341354464 
341482368 
341539680 
343841376 
343959456 
344250944 
344942944 
347115872 
347196320 
347545952 
348892928 
350360192 
352458368 
354048672 
356383040 
357193056 
359095360 
359785856 
359942240 
360105120 
360442624 
361600896 
361916832 
362154336 
363598272 
364784480 
366027936 
366796352 
368663552 
373555840 
374200864 
375206976 
377997152 
378710464 
380214656 
381887648 
382167168 
382895936 
383188352 
383831936 
384658400 
385748224 
387322560 
387996128 
391690240 
393746080 
394238752 
394327168 
394382912 
394388384 
394521312 
398436672 
398775488 
399299904 
400228608 
400709024 
400944384 
400985376 
401187648 
402378752 
405267360 
406615040 
406766560 
410787936 
412482592 