413077824 
413983744 
416501280 
426199392 
427327712 
431843520 
431953440 
432199136 
433758400 
434008576 
434398080 
434513312 
436496992 
436584928 
437637600 
438561792 
439559904 
440104512 
442560224 
443042624 
443338880 
446742528 
447033600 
447981536 
449105120 
450917568 
452122400 
452575840 
452649824 
456514176 
457701728 
457715616 
458038976 
460651648 
461420480 
461847776 
461949088 
462852224 
463662144 
465834752 
466168576 
467470880 
469050016 
470564224 
471483424 
471638784 
473893984 
475805632 
475947360 
476354656 
476584640 
477361408 
477397056 
477551232 
477960896 
479777120 
480155488 
481733344 
481935840 
482490656 
482950272 
483648352 
485865760 
487254176 
487426880 
487720704 
489809984 
492398816 
492421728 
493583008 
494406880 
495444064 
495977408 
496074400 
496430976 
497258528 
498143904 
498525472 
502401280 
503460992 
506914688 
507409568 
510349024 
510685984 
512535392 
512932416 
513400928 
514382176 
514935968 
515049088 
516138560 
517714752 
518150688 
518514880 
520210080 
521563360 
522628672 
523548352 
524287168 
525747136 