525995360 
526522592 
526744960 
526830208 
527074944 
528884832 
529899232 
530807968 
531032736 
531606432 
532440960 
532514144 
532845984 
532959808 
536114560 
536742496 
538175296 
538556544 
539413376 
539760320 
546106880 
547397056 
548042048 
551442944 
552316352 
552485056 
552568448 
553969984 
554448192 
555397760 
556443776 
557560640 
560784512 
560871808 
561007360 
563617408 
566164480 
567831104 
573318592 
573721152 
576199552 
576690496 
576721024 
576971136 
577678272 
578612544 
578634880 
578812544 
579021504 
579430016 
582250112 
582449600 
582682240 
583570304 
584488512 
584585216 
587011200 
588640128 
589118592 
589156672 
589636672 
590407104 
591110592 
592539904 
592691904 
593211456 
593892160 
594497280 
595045248 
596191360 
596196224 
596340544 
596899008 
597279808 
598481280 
599644416 
599706560 
600492160 
600762688 
601426752 
603108800 
604378752 
606542144 
606968896 
607600320 
608882816 
609105856 
609729088 
611241152 
611410944 
611980736 
612442048 
612639872 
614226688 
617582208 
618446784 
618925376 
618958336 
619596480 
621822848 