622095488 
622166656 
623194432 
624658176 
625665280 
625964096 
626125184 
627157888 
628870912 
628909952 
629359296 
629479680 
630243200 
633072192 
633584832 
635203904 
635711744 
637552256 
637640192 
637656384 
637770944 
638409408 
638654144 
639009152 
639458368 
639978816 
640766336 
641080640 
642692480 
644519872 
645133952 
645601536 
645889024 
646520192 
646711808 
647207360 
647522240 
648545152 
649659008 
649706944 
649786560 
650490688 
651132096 
653130368 
653304960 
653879936 
654028672 
655368064 
656563648 
657119936 
657200960 
657304064 
657643008 
658746688 
658831168 
659146048 
659877568 
661791552 
663226880 
664414400 
666556608 
666707072 
666880320 
667340544 
667723776 
667908288 
667960192 
668325568 
671840768 
673648192 
673936512 
673996096 
674605248 
674849600 
675475968 
675654080 
676553984 
677812352 
679903744 
681921728 
683574016 
684178432 
684218496 
684444992 
684676800 
684756544 
685721792 
685785792 
685986368 
686124928 
686669888 
687387392 
687527104 
687861376 
692076416 
692463488 
695983744 
697848192 
698713024 
699075392 