699787136 
700301120 
700339584 
700619904 
700910336 
703186304 
706066752 
707909120 
708262464 
711354880 
711905984 
712087296 
714431616 
717296960 
717596800 
718666304 
718867264 
719268544 
719461824 
720952320 
721005824 
724251968 
727550272 
729360064 
729397696 
730729344 
732148544 
732654400 
735311296 
736461888 
736746944 
737407744 
737938496 
738534336 
738959360 
740438464 
743727104 
743811200 
745071424 
746730304 
747277120 
747637760 
747802880 
747809280 
749443200 
749718912 
749770880 
752478720 
753382656 
755580864 
755945472 
757281792 
757293824 
759208448 
759323584 
759734848 
760248704 
760475200 
760862016 
761612416 
761777792 
763763840 
764871424 
766447616 
766701184 
767013696 
768205632 
768229632 
769913856 
770685824 
771357696 
773300928 
774273536 
774386240 
774432448 
775057536 
775421440 
775767296 
777410240 
777504960 
778257280 
778462720 
780223936 
780250496 
780868352 
782262272 
783099264 
783281984 
785932288 
786002112 
787642368 
789243712 
793470400 
793656832 
794910144 
795231296 
795490368 
797798016 
798440064 
799645696 