801896704 
803330176 
804176768 
805788992 
807724544 
807959232 
808616768 
809095296 
809370688 
809742720 
809785280 
812947008 
812996864 
813903680 
814138688 
814351424 
814766912 
814908672 
815548992 
818127616 
819677312 
819695168 
820146176 
821330816 
822425856 
826769408 
827391168 
828546368 
828957312 
829201088 
829808320 
829939072 
830011840 
831037504 
831461760 
832554624 
832609088 
833238528 
833243328 
836103744 
836827776 
837985856 
838133568 
839112192 
840187712 
843909632 
844281280 
845122880 
845273024 
847684416 
848000128 
848942144 
849271616 
850586496 
850919808 
852411136 
857555200 
858676288 
858865984 
861265024 
861917120 
864578944 
865085504 
865181184 
865433536 
865534848 
865679040 
867197312 
867469056 
868924032 
869439808 
870539840 
873021376 
873271360 
873413824 
873978944 
874309376 
877383936 
877613760 
878277696 
879009408 
880008704 
880075200 
880683200 
881062144 
881231680 
882204224 
883036608 
884317824 
885014208 
887196992 
888432832 
888723328 
888948736 
889343424 
889553216 
889812736 
889955648 
890232640 
891529472 