892323776 
893372416 
897560256 
899086144 
899431296 
900771776 
901548608 
902208064 
903366336 
904170048 
904187136 
904781504 
904932480 
906803904 
908484608 
909642944 
910226496 
910972032 
911647360 
912390528 
913026688 
915220544 
916195072 
916272960 
916522688 
918930432 
919026496 
919590912 
920128256 
920914368 
921550976 
922572032 
923069120 
923380736 
923512704 
923692288 
923727808 
923969792 
924539520 
925219648 
925376512 
926067520 
926575808 
927865792 
930809792 
931518080 
931835072 
931895296 
932484608 
933272512 
933420032 
934181184 
934494656 
935003968 
935851776 
936349184 
937713856 
939129152 
943051264 
943222080 
944318144 
945501632 
946435200 
946640512 
946924672 
947000960 
948910848 
949327040 
949820352 
950104064 
950252352 
952229760 
952662208 
956468224 
958636928 
958956928 
959716352 
961565184 
963504704 
965681536 
967276928 
967405120 
970634112 
971465728 
972775040 
979434112 
981108608 
983595712 
984363200 
984751616 
984844608 
986467136 
992228480 
994195968 
995164864 
995299904 
997798976 
997969856 
998924480 
999993536 